5 6 7 8 9 11 15 18 19 20 23 24 25 29 36 37 38 40 41 42 44 47 48 52 53 54
5 6 8 20 21 28 29 38 43 44 49 50 51 52 54
5 6 7 8 15 19 20 37 38 43 44 45 47 48 50
8 12 13 15 16 20 22 29 34 35 38 43 47 48 49 50 51 52 54
1 8 12 13 14 15 16 20 22 29 32 34 35 36 38 48 49 51 52 54
1 8 12 13 14 15 16 20 22 29 32 34 35 36 38 48 49 51 52 54
8 16 18 22 29 31 32 34 35 37 38 44 47 48 49 51 52 54
1 2 4 5 6 7 9 11 12 13 14 15 17 18 19 20 21 23 24 25 26 27 29 30 33 37 38 39 40 41 43 44 45 47 48 49 50 51 52 53 54
3 8 12 13 16 22 29 35 38 43 50 52 54
13 18 22 27 28 29 36 37 38 42 43 44 48 49 50 51 52 54
8 22 27 29 37 38 39 42 43 44 49 50 51 52 54
4 5 6 9 15 18 19 20 23 24 25 27 29 36 37 38 40 41 42 43 44 47 48 50 52
4 5 6 8 9 10 15 18 19 20 23 24 25 26 27 28 29 37 38 41 42 44 45 46 47 48 49 50 51 52 53
5 6 15 20 29 38 43 44 48 50 52
3 5 6 8 12 13 16 18 22 23 24 26 29 30 31 32 34 35 36 37 42 47 48 49 50 51 52 54
4 5 6 7 9 15 18 19 20 21 24 25 27 29 36 37 38 39 40 41 43 44 47 48 49 50 51 52 54
5 6 8 18 26 37 38 44 49 50 52
3 7 8 12 13 15 16 19 20 22 23 27 29 36 37 38 44 47 48 49 50 51 52 54
1 3 8 15 22 23 29 34 35 37 38 44 48 49 50 51 52 54
1 2 5 6 8 12 13 16 18 22 23 24 26 29 30 31 32 33 34 35 36 37 38 41 47 48 49 50 51 52 54
8 10 16 18 19 23 27 30 31 32 35 37 48 49 53
4 5 6 7 9 10 11 15 18 19 20 26 27 29 36 37 38 39 40 41 44 45 47 48 49 50 51 52 53 54
1 8 12 13 15 18 19 20 21 27 29 36 37 38 44 47 48 49 50 51 52 54
8 12 13 15 16 20 27 29 36 37 38 41 43 44 47 48 49 50 51 52 54
8 12 13 16 29 30 31 32 35 38 48 52 54
2 5 6 7 8 10 11 14 15 16 17 19 20 21 22 23 24 27 31 32 33 34 35 37 38 39 40 42 43 48 49 52
1 8 10 11 12 13 16 18 21 22 23 24 26 29 30 33 34 35 36 37 38 43 44 48 49 50 51 52
2 10 13 29 30 38 48 49 50 51 52 54
2 4 5 6 7 8 9 10 11 12 13 14 15 16 18 19 20 22 23 24 25 26 27 28 30 31 32 33 34 35 36 39 40 41 42 43 44 45 46 47 49 50 51 52 54
8 15 20 21 25 27 28 29 35 36 37 38 40 41 43 44 48 49 50 51 52
7 15 20 21 25 26 29 36 38 40 41 42 43 44 48 49 50 51 52
5 6 7 15 20 21 25 26 29 33 34 35 36 37 38 39 40 41 42 43 44 47 48 49 50 51 52
8 20 27 29 32 36 37 38 43 44 48 49 50 51 52
4 5 6 7 15 19 20 26 27 29 32 36 37 38 40 41 43 44 47 48 49 50 51 52
4 5 6 7 9 15 19 20 21 25 26 27 29 30 32 36 37 38 40 41 43 44 47 48 49 50 51 52
5 6 10 12 15 16 18 20 22 23 24 26 27 29 30 31 32 33 34 35 37 38 41 44 46 48 49 50 51 52
1 3 7 8 10 11 12 13 15 16 17 18 19 20 21 22 23 24 27 30 32 33 34 35 36 38 40 43 44 46 47 49 50 51 52
2 3 4 5 6 7 8 9 10 11 12 13 14 16 17 18 19 20 22 23 24 25 26 27 28 30 31 32 33 34 35 36 37 39 40 41 42 43 44 45 46 47 49 50 51 52
8 11 16 22 29 32 38 44 47 48 49 52
8 12 16 22 29 30 31 32 34 35 37 38 44 47 48 50 51
8 12 13 16 20 22 24 26 29 30 31 32 34 35 36 38 44 45 47 48 49 50 51 52
10 11 12 13 15 29 31 32 38 47 48 49 52
1 2 3 4 8 9 10 11 12 14 16 24 27 29 30 31 32 33 34 35 37 38 45 46 47 48 50 51
1 2 3 7 8 10 11 12 13 14 16 17 18 19 22 23 24 26 27 29 30 31 32 33 34 35 36 37 38 39 40 41 45 47 48 49 50 51 52
1 3 8 13 22 29 38 41 43 44 48 49 50 51 52 45
1 3 8 13 22 29 38 41 43 44 48 49 51 52
3 4 7 8 12 13 15 16 18 20 22 23 24 26 29 32 34 35 37 38 39 40 41 42 43 44 48 50 51 52
3 4 5 6 7 8 10 12 13 14 15 16 18 19 20 21 22 23 24 25 26 27 28 30 31 32 33 34 35 36 39 40 41 42 43 44 45 46 47 49 50 51 52
2 4 5 6 7 8 10 11 13 15 16 17 18 19 20 21 22 23 24 27 28 29 30 31 32 33 34 35 36 37 38 39 41 42 44 45 46 48 50 51 52
2 3 4 8 9 10 11 12 13 14 15 16 17 18 19 20 22 23 24 27 28 29 30 31 32 33 34 35 36 37 38 40 41 43 44 45 47 48 49 52
2 4 5 6 7 8 10 11 13 15 16 18 19 20 22 23 24 26 27 28 29 30 31 32 33 34 35 36 37 38 40 41 43 44 45 46 47 48 49 52
2 4 5 6 7 8 9 10 11 12 13 14 15 16 17 18 19 20 22 23 24 25 26 27 28 29 30 31 32 33 34 35 36 37 38 39 41 42 44 45 46 47 48 49 50 51
10 19 20 21 22 27 28 31 32 37 40 45
3 8 10 11 12 13 14 16 21 22 23 24 27 28 29 33 34 35 37 38 45 47 48 49 50 51 52
